128912290
128911690
127485222
128123893
128216507
128217767
126905024
126905058
127200824
127303801
127403796
127410465
127416781
127484918
122572625
122572711
122572804
122573351
122573490
122574823
122575009
122682662
123117810
123227091
123252378
124254994
124255305
124418203
125762586
126741401
117336841
118296674
118300719
119117909
119251663
119375791
119765610
119765728
119765771
119765946
119766064
119766152
119877640
119877855
119887034
119888724
119904200
120550472
120745021
120766256
120767169
120767420
121293429
121293479
121293499
121386580
121573441
121603067
122292723
122342795
122571929
122572542
108634275
108647078
108647111
108754187
109362710
109362738
109362776
109362789
109618435
109618563
109618695
109618754
109618842
109618940
109619047
109621372
110247379
110284742
110291204
110349993
110350021
110350041
110735374
110735379
111013245
111124523
111816866
111896685
112503990
113221243
113244305
113256177
113306429
113952851
114488148
114636783
114701275
114701853
114701981
114745014
114745028
114745043
114745060
114745081
115326724
115326985
115327352
115400975
115959318
115992246
116040760
116040999
116041034
116041059
116041079
116041100
116041137
116048294
116048347
116048470
116049255
116745227
116771783
116773005
99173388
99187949
99189531
99189711
99189785
99189905
99190021
99190216
99190550
99204415
99204505
99205305
99205747
99268102
99268197
99272671
99273674
99274458
99666774
99666816
99666917
99800145
99817538
99848490
100204329
100240645
100391463
100429993
100873240
101064872
101064901
101064920
101064941
101081200
101083195
101083559
101083920
101083978
101084318
101088307
101090565
101093314
101153932
101157919
101158613
101164100
101166084
101173442
101178423
101178892
101180005
101725785
101725853
101929051
102503996
102544922
102545023
102546080
102652955
103825767
103825932
103829048
103842566
103878226
103879773
104480252
104489973
104491570
104494947
104560954
104562155
104588531
104605034
104605494
104606900
104729479
105177975
105178048
105178068
105178079
105178092
105178116
105210624
105264219
105273324
105276948
105374058
105420672
105424180
105943656
106017333
106017368
106018135
106066965
106069533
106521661
106522319
106543491
106551577
106626233
106626284
106676935
106676958
106676979
106707199
106708146
106758047
106805362
106805531
106805906
107433821
107450062
107469799
107471769
108158567
108553903
108553915
108553933
108553955
108553962
108553973
108553980
108553991
108554014
108554026
108554036
108554043
108554060
88102491
88108591
88108663
88108686
88115474
88115497
88115998
88134056
88517571
88541303
88633606
88755823
88755860
88755892
88755927
88768123
88867702
88868633
89342465
89343281
89355818
89356184
89356380
89357191
89357340
89357738
89357966
89358029
89371632
89442332
90023428
90023480
90617478
90618610
90630383
90641846
90642046
90655239
90695285
90696602
90716464
90731208
90789548
90789570
90790086
90811702
90811734
90818683
90819631
90820031
90869127
91154405
91154446
91154471
91154503
91154521
91154633
91154660
91154691
91154708
91154772
91154909
91154932
91154954
91155889
91363382
91363730
91363945
91367668
91372190
91372614
91443555
91444993
91449347
91453412
92088963
92088979
92088987
92089006
92089024
92597264
92597296
92597340
92597369
92597400
92597425
92625575
92626213
92627850
92628581
92651381
92662682
92663078
92665366
93005921
93009520
93010973
93011731
93015432
93015583
93016098
93017201
93018884
93042083
93043504
93067187
93107761
93136885
93157691
93175373
93186995
93187046
93591696
93591742
93591808
93647326
93647485
93704967
93705848
93706376
93706490
93706838
93707192
93714687
93724183
93725061
93873442
93873578
93873645
93915115
93915142
93915181
93915224
93915244
93915267
93915317
93915337
93915393
94125590
94126220
94128392
94132094
94132444
94132726
94137771
94153793
94191736
94191778
94215314
94247611
94247729
94247798
94247848
94247873
94255248
94688738
94692027
94795238
94795288
94795305
94888779
94888818
94888905
94888934
94889839
94893733
94899284
94912586
95309366
95309699
95315375
95315676
95390952
95391391
95457922
95458674
95458972
95459841
95522378
96084909
96084956
96098241
96098802
96100733
96478259
96478346
96478426
96478505
96478567
96481249
96482944
96485431
96485468
96543718
96635647
96636143
96667910
96667969
96668951
96669672
96673085
96997769
96997797
96997821
96997831
97022791
97022833
97022862
97074590
97094938
97094955
97094986
97095009
97095034
97095069
97102115
97103817
97105188
97156491
97156507
97156539
97156551
97157576
97179249
97179333
97179386
97179624
97179776
97272128
97304552
97651824
97656068
97688233
97767769
97848255
97848313
97852331
97852355
98220998
98265750
98299395
98318391
98332255
98333808
98435295
98441158
98441318
98443555
99170172
99170311
99170354
99170403
99170481
99170537
99170583
99172071
4761522
5985139
35971258
35971304
35971877
35971915
36431384
36431459
38212101
39211465
39211527
40129522
40455621
40455679
40455718
40455751
40455781
40455802
41410287
41410408
41410429
41410443
41410464
41440521
41440567
41440601
41763367
42672473
42672581
43152428
43152456
43152481
43152529
43152557
43152598
44057140
44057192
44057242
44057367
44061611
44061640
44061671
44061700
44109194
44463749
45043124
45043168
45043196
45043207
45428486
45428505
45428516
45428545
45428575
45428590
45483675
45502489
45503715
45517845
45517873
45763159
45819151
45819192
45830511
45885030
45885547
45887655
45887704
45926005
45926083
45941812
45941860
46153268
46185715
46198621
46209447
46238292
46299082
46299547
46341324
46354826
46760687
46760716
46765443
46777454
47276677
47281078
47281693
47691446
47693026
47697530
47707898
47709759
48156432
48157131
48554208
48577295
48577326
48578534
48579482
48579638
48586820
48600154
48618583
48618802
49041561
49041801
49059793
49459858
49459875
49459879
49460100
49460524
49460592
49481349
49482914
50251793
50442259
50909479
51322486
51753289
51755940
51756344
51756494
52155103
52598245
52598257
52598268
53123300
53593789
53862411
53862943
53863818
53864223
53865270
53865687
53998773
53999177
53999348
54058330
54060322
54060616
54061314
54068096
54111471
54120656
54383726
54459328
54516144
54516223
54587039
54591853
54604434
54611239
54612598
55031910
55044634
55193061
55224766
55270493
55293803
55293859
55298038
55607108
55607650
55609434
55634401
55724831
55741213
55741275
55741329
55741380
55741420
55741464
55741505
55741543
55741584
55741617
55741662
55741702
55741744
55797022
55814311
55816068
56511186
56524816
56533997
56565737
56565756
57222314
57722857
57723734
57801983
57802055
57802134
57802212
57895485
57906779
57906784
57906798
57908388
58270890
58271054
58274204
58428699
58435367
58458438
58479648
58479849
58520081
58788101
58831920
58913218
58915117
58918127
59145877
59774613
60047782
60049010
60051616
60059129
60221168
60619272
60619309
60619326
60619339
60621565
60621891
60661796
60871617
60871653
61425219
61453640
61920365
62337944
62339698
62777105
62777535
62777895
62777907
62778128
62786166
62786591
63235555
63235579
63252897
63252965
63252980
63252992
63719813
64134836
64134923
64137930
64447011
64488575
64507062
64633891
65068518
65069831
65073180
65530262
65530820
66868084
66871332
66893941
66893964
66894011
66894042
66894062
66894455
67300915
67303523
67325826
67325846
67325925
67325967
67740342
67759471
67759504
67759538
67759564
68341496
68341563
68341601
68341664
68341693
68342805
68433873
69446730
69446762
69446791
69446820
69446845
69491020
69935389
70435492
70460885
70991007
71526392
71526597
72069427
72069461
72585619
72629344
72664863
73137902
73138785
73139021
73198578
73198604
73198833
73198858
73198870
73198877
73198891
73198935
73199005
73199026
73199059
73199074
73199090
73199123
74931284
74931398
74941183
75336185
75338443
75338648
75356820
75360912
75421988
75422951
75494297
75923148
75923881
75924418
75925953
75991742
75992638
76047008
76115411
76115431
76115441
76115450
76116646
76121590
76575065
76598955
76604539
77169070
77169200
77170656
77170881
77170993
78366389
78366862
78366916
78407890
78408666
78481773
78482950
78488588
78490137
78491401
78498351
78535230
78535292
78535396
78539852
78541114
78580121
79079854
79080744
79080766
79101985
79102486
79236960
79389341
80214468
81082812
81082825
81116528
81116549
81116553
81116564
81116570
81116710
81116722
81116734
81116747
81116761
81116781
81116797
81116806
81116815
81116827
81116839
81116847
81116863
81116867
81116877
81116886
81116898
81116912
81116921
81116923
81134029
81146867
81696228
82229501
82229515
82229544
82229552
82229584
82229630
82229676
82229695
82273261
82277505
82356478
82714961
83594485
83594538
83594568
83594590
83594623
83608520
83608887
83609281
83609567
83609838
83674171
83974401
83994364
84003550
84005018
84288018
84305412
84318179
84796266
84796317
84796809
84897279
84897442
84902413
84902489
84902705
84903103
84903136
84937942
85004909
85025541
85025579
85061999
85065082
85113216
85452270
85459771
85461580
85462695
85468995
85469102
85469452
85469664
85714741
85715077
85715631
85718743
85727902
85749189
85848355
85866751
85866938
85869326
86147315
86148354
86148391
86148536
86149147
86149485
86253577
86260556
86260644
86260684
86262331
86300190
86939835
87014838
87015121
87030507
87030622
87127566
87146108
87146685
87147622
87163979
87166713
87292601
87322605
87348009
87767539
87767777
87767831
87784452
87914323
88094726
88094960
88098138
88100491
88101788
88101901
88102075
1015394
1034065
1064346
1077604
1079801
1079802
1079839
1088480
1089403
1089404
1089405
1089406
1089407
1089410
1255794
1280414
1280463
1280470
1280473
1369158
1369159
1372257
1372258
1372259
1372260
1372261
1372262
1387390
1390349
1616554
1753007
1868836
1876552
1994345
1994349
1994353
2027611
2036448
2036476
2101137
2101144
2101148
2101157
2101159
2122126
2233908
2233910
2248511
2251683
2303479
2676305
2686998
2691586
2691591
2692467
2692477
2692801
2692806
2692844
2693346
2693351
2693356
2697294
2697295
2697431
2697432
2703110
2704340
2723457
2723661
2760979
2760984
2761841
2761842
2766576
2766581
2766589
2767085
2767090
2767096
2774556
2785493
2785578
2785601
2800815
2801263
2920959
2920960
2974000
2974249
3086666
3087031
3088756
3264793
3264923
3285874
3931318
4470389
4470503
4470544
4678959
4700455
4701487
4762065
5982975
5985787
5986151
9413294
9413296
9413300
9413303
9413306
9413309
10209104
10209129
10209136
10209137
10209146
10209212
10209215
10209221
10209225
10209236
10209240
10209248
10209257
10209260
10209268
10209280
10209296
10209303
10209450
10209467
10209475
10209481
10209583
10209588
10209590
10209596
10209600
10209605
10209616
10209624
10209633
10209636
10209640
10209645
10209653
10209658
10209668
10209771
10209776
10209780
10209786
10209788
10209798
10209801
10209803
10209810
10209813
10209821
10209828
10209834
10209842
10209845
10209850
10209859
10209869
10209875
10209881
10209886
10209888
10209894
10209897
10209902
10209905
10209908
10548108
10548112
10721950
10722059
10730819
10756104
10756118
11113679
11387922
11415738
11450310
11565378
11717967
11883586
11895499
11895500
11900833
11944350
11945246
11945266
11949128
11956590
11984254
11984351
11998770
11998777
11998796
12135982
12212356
12216553
12218475
12221831
12221842
12221944
12221952
12221962
12221967
12221976
12221984
12221990
12221996
12222005
12222019
12222030
12222046
12222054
12222058
12222065
12222076
12222084
12222095
12222103
12222106
12222124
12222132
12222140
12222152
12222170
12222183
12222200
12222208
12222216
12222225
12222242
12222253
12229501
12517136
12544690
12555589
12555594
12721064
12721071
12722518
12722532
12758324
12803498
12803507
12803520
12803522
12803532
12813086
12814239
12844794
12844799
12857629
12857637
12857654
12857660
12857664
12857804
12892216
12894559
12897859
12897953
13019281
13019286
13019300
13022149
13022150
13022160
13032178
13032184
13032190
13032191
13032199
13032204
13033598
13033603
13033610
13061802
13061809
13061810
13075805
13076573
13114759
13119004
13320991
13320999
13323237
13323720
13378571
13414749
13414758
13414759
13417380
13418521
13424334
13460996
13510352
13510737
13775466
13775480
13775494
14443565
14443585
14443611
14443632
14443659
14443692
14721229
14863866
15047813
15174250
15174422
15174446
15174471
15174524
15174538
15174587
15372684
15632562
15632569
15632575
15666462
15729218
15729227
15729240
15729247
15729251
15933756
16201046
16211030
16211041
16213987
16425587
16433289
16433315
16619553
16647570
16647579
16720281
16720502
16720508
16921115
16921154
16921173
16921198
16947634
16947656
16950418
16950449
16976189
17385513
17385522
17385529
18424769
18426149
18435238
18443624
18443664
18443681
18443702
18444022
18444034
18444057
18444073
18465510
18465804
18471816
18472672
18473826
18478970
18716087
18716629
18970347
18970405
18970427
18970450
19073176
19073736
19094700
19095020
19095442
19110949
19112023
19112123
19250533
19250604
19259975
19260003
19260023
19260039
19282969
19284093
19286245
19311425
19321040
19321522
19326853
19326880
19326891
19344409
19344667
19356466
19358641
19364276
20005706
20055651
20635371
20946077
20946150
21054740
21338895
21341252
21343225
21391806
21391849
21420907
21420936
21420962
21433696
21433711
22593428
22593942
22772750
22786502
22917014
22919513
22920550
22920633
22921446
22953881
22953927
22953948
22953973
22968437
24111685
24111782
24111798
24111823
24113544
24113551
24113558
24346281
24395519
24473960
24477781
24477809
24478553
24483366
24721821
24721863
24721901
24784722
24883790
24902227
24902268
24902294
24902455
24902497
24902512
24904630
24907199
25081122
25256253
25270275
25270310
25270774
25297623
25299064
25320997
25495689
25495733
25596918
25605447
25605551
25641508
25641879
25697118
25869492
25874790
25875379
25905414
25905436
25905452
25906019
25906491
25918812
25918935
25954372
25954392
25954407
26356324
26356663
26357081
26414845
26414934
26415782
26596416
26596436
26618757
26618834
26618869
26635012
26635106
26639037
26639062
26639086
26639102
26639113
26639122
26639149
26723422
26771744
26954620
27041502
27041544
27112125
27127089
27127113
27470527
27470547
27672896
27672978
27697234
27697267
27697277
27697298
27697348
27697392
27697699
27697707
27697713
27697719
27697735
27697743
27801510
27808972
27809960
28104389
28104543
28105371
28144268
28144277
28144291
28144295
28144425
28164279
28166449
28166480
28166510
28166533
28166555
28166570
28256390
28257433
28445431
28453222
28455353
28490593
28492762
28509434
28510547
28517063
28518380
28518734
28604165
28912774
28912822
28913460
28939733
28940430
28976727
29029134
29029143
29029154
29029170
29029176
29445305
29445339
29445358
29445378
29445395
29447139
29504625
29504712
29505543
29529397
29876102
30172281
30172373
30231584
30231628
30243493
30243514
30243541
30243559
30243572
30243591
30243613
30243634
30243653
30299564
30324308
30324676
30582390
30583931
30624262
30624305
30624357
30624426
30625045
30646260
30646324
30715280
30715302
31033396
31036019
31044217
31046267
31080215
31117224
31173735
31173771
31173799
31173820
31173844
31173863
31173881
31173898
31245302
31245355
31245452
31245465
31245495
31758934
31758956
31758982
31759626
31760113
31761785
31762335
31762599
31836045
32024905
32200781
32201677
32201701
32202382
32318679
32318687
32318692
32318708
32625692
32629030
32630457
32645452
32646522
32656713
32656754
32727625
32727646
32727664
32727673
32786031
32788850
32788886
32788904
32788951
32791565
32791582
32791600
33069371
33069392
33069412
33069454
33137478
33158933
33285761
33286094
33359415
33677366
33677393
33677615
33722410
33722464
33722497
33722522
33722614
33722645
33722676
33722692
33722731
33722758
33724885
33810432
34176918
34177166
34300463
34315534
34320952
34320976
34365495
34365512
34376514
35275769
35275806
35275837
35275883
35571070
35873214
35886046
35886425
35889747
35895627
35895661
35930009
35935204
35966712